%call z
z=[	0.060642751	;
	-0.068720674	;
	0.585651319	;
	0.265754679	;
	0.454148783	;
	0.301220834	;
	-1.963289553	;
	-0.31085665	;
	0.071523721	;
	-1.000661349	;
	1.187565657	;
	-0.397531065	;
	-0.196680671	;
	-1.13424835	;
	-1.221917713	;
	-1.546755205	;
	-1.698133162	;
	-0.893780178	;
	-1.837666648	;
	-0.604757558	;
	-2.186936444	;
	-2.293261761	;
	-3.675982022	;
	1.004786318	;
	-4.279278293	;
	2.158920683	;
	-3.263940001	;
	1.260598574	;
	-1.909618899	;
	-1.401721465	;
	-1.277088047	;
	-0.589009136	;
	-2.005794257	;
	-1.558358492	;
	-0.11156739	;
	0.196972419	;
	-0.439014871	;
	-0.544533617	;
	-0.270763864	;
	-0.192819421	;
	1.968131469	;
	0.284830765	;
	0.082079274	;
	0.878324223	;
	-1.05881558	;
	0.512507358	;
	0.248570221	;
	1.222707983	;
	1.267464462	;
	1.51796928	;
	1.771660157	;
	0.957591624	;
	1.623977434	;
	0.678616895	;
	2.371106625	;
	2.281406927	;
	3.846125834	;
	-1.297429486	;
	4.226224668	;
	-1.960197905	;
	3.233990613	;
	-1.138626857	;
	2.006100621	;
	1.374198005	;
	1.250369163	;
	0.72602452	;
	1.875158804	;
	1.598510633	;
	0.62875484	;
	0.778000858	;
	-1.788950892	;
	-0.735397123	;
	-0.766496805	;
	-1.242991726	;
	1.302638534	;
	-1.623598825	;
	-1.563248817	;
	-1.943921465	;
	-0.121141114	;
	0.038595348	;
	-0.865123311	;
	-1.833334649	;
	-0.862081598	;
	0.423784717	;
	-0.053467025	;
	0.753817587	;
	-1.82466231	;
	-1.281874927	;
	3.811204763	;
	3.018310806	;
	6.618264615	;
	0.064856859	;
	-0.412035654	;
	0.294896007	;
	-0.042695791	;
	0.198562208	;
	0.122679693	;
	0.049145037	;
	0.257953593	;
	0.002506754	;
	-0.032072598	;
	-1.370090754	;
	0.373791857	;
	0.074412156	;
	-0.310293886	;
	-0.10764153	;
	-0.078399383	;
	0.469020774	;
	0.306901228	;
	-0.493237556	;
	0.417133187	;
	-0.504187139	;
	-0.068206038	;
	-0.067867577	;
	-0.336411076	;
	-0.346313814	;
	-0.796475947	;
	0.67824155	;
	-0.396963726	;
	-0.425687312	;
	-0.438843944	;
	-0.053956462	;
	0.18277177	;
	-0.912893341	;
	-0.767590691	;
	0.206809033	;
	-0.030019687	;
	-0.191328044	;
	0.019720348	;
	-0.483002912	;
	-0.073996149	;
	0.083907437	;
	0.203804669	;
	-0.004706609	;
	0.169994191	;
	-1.273381295	;
	-0.310151479	;
	-0.012044234	;
	0.245183497	;
	0.273878668	;
	0.283991528	;
	-0.198833427	;
	0.041791291	;
	0.497678189	;
	-0.231661602	;
	0.185901401	;
	0.4543673	;
	0.14583853	;
	0.595295559	;
	0.172624757	;
	1.136966111	;
	-0.376980466	;
	0.513740992	;
	0.364594027	;
	0.550882496	;
	-0.156975328	;
	-0.214340984	;
	0.852162461	;
	0.80340376	;
	-0.044616497	;
	-0.106769651	;
	0.089553715	;
	-0.301179749	;
	-0.043483469	;
	-0.114047081	;
	-1.404065387	;
	0.253952774	;
	-0.310225828	;
	-0.517582456	;
	-0.602833809	;
	-0.0553964	;
	0.148689579	;
	0.796026655	;
	-0.555625169	;
	-0.711197098	;
	0.363842404	;
	0.008727584	;
	0.831342314	;
	-0.496596154	;
	-0.33993428	;
	1.12195544	;
	-0.330936541	;
	1.054847315	;
	-0.029418482	;
	1.030327008	;
	1.032293897	;
	0.980336029	;
	0.989938242	;
	1.021278967	;
	1.016743594	;
	1.015555516	;
	1.007847851	;
	0.985602006	;
	1.020863514	;
	0.990254663	;
	1.009762692	;
	1.009464832	;
	0.9948383	;
	1.012030877	;
	1.00115137	;
	1.043067618	;
	1.044165902	;
	1.030973272	;
	1.056336533	;
	1.054908814	;
	1.049960459	;
	1.01500011	;
	0.972291638	;
	-0.126756521	;
	-0.130734717	;
	-0.097955415	;
	-0.168780058	;
	-0.174725303	;
	-0.217829477	;
	-0.127771504	;
	-0.193204058	;
	-0.129578417	;
	-0.163961653	;
	-0.037278123	;
	-0.026954614	;
	0.039472403	;
	0.202975371	;
	0.184890161	;
	0.261597164	;
	0.283963643	;
	0.156312734	;
	0.167871163	;
	0.299198123	;
	0.397302765	;
	0.183951471	;
	0.092757528	];
z(207)=1.015;