%call z
%z=[0.723568485968785;0.929999322239656;0.0294582539355194;0.710229480973714;0.226000363431644;-0.258983196902575;-0.703783467128693;0.258582844207686;-0.0787064878560757;0.488990683222577;0.566729190897158;0.0579559083622324;0.584790001273952;0.176893729476772;-0.0754768005897838;-0.405698034344014;0.0309614710299830;0.0204759776606806;1.00285188254205;0.979820659059111;0.980833471944203;0.971490979974404;0.952275592831556;0.980157427170266;0.989762802103746;1.01553535350000];    
z=[0.595636725659871;0.976900742192037;0.141857300641692;0.658733370107644;0.193050892700382;-0.219232026016820;-0.598706197831621;0.248455044933100;-0.0418685232764253;0.457323137260619;0.553635643860809;0.0908813654724109;0.430573835187760;0.0211184168171342;-0.175825838589903;-0.374696304267952;-0.109811041632824;0.104839406265643;0.971636392230034;1.00874542012032;0.977720384162515;0.945721008537019;0.959593484448656;0.937290280059581;0.986285248901804;0.980065523888109];

z(21)=0.9376686855353535; 
